0 0 0 
0 0 0 
0 0 0 
0 0 0 
0 0 -0.42 
0 0 0 
0 0 0 
0 0 0.899329 
0 0 0.73 
0 0 0.803773 
0 0 0.05 
0 0 -0.00300001 
0 0 0.05 
0 0 0.05 
0 0 0 
0 0 0 
0 0 0 
0 0 -0.42 
0 0 0 
0 0 0 
0 0 0.899329 
0 0 0.73 
0 0 0.803773 
0 0 0.05 
0 0 -0.00300001 
0 0 0.05 
0 0 0.05 
0 0 0 
0 0 0 
0 0 -0.42 
0 0 0 
0 0 0 
0 0 0.899329 
0 0 0.73 
0 0 0.803773 
0 0 0.05 
0 0 -0.00300001 
0 0 0.05 
0 0 0.05 
0 0 0 
0 0 -0.42 
0 0 0 
0 0 0 
0 0 0.899329 
0 0 0.73 
0 0 0.803773 
0 0 0.05 
0 0 -0.00300001 
0 0 0.05 
0 0 0.05 
0 -0.42 -0.42 
0 -0.42 0 
0 -0.42 0 
0 -0.42 0.899329 
0 -0.42 0.73 
0 -0.42 0.803773 
0 -0.42 0.05 
0 -0.42 -0.00300001 
0 -0.42 0.05 
0 -0.42 0.05 
0 0 0 
0 0 0 
0 0 0.899329 
0 0 0.73 
0 0 0.803773 
0 0 0.05 
0 0 -0.00300001 
0 0 0.05 
0 0 0.05 
0 0 0 
0 0 0.899329 
0 0 0.73 
0 0 0.803773 
0 0 0.05 
0 0 -0.00300001 
0 0 0.05 
0 0 0.05 
0 0 0.899329 
0 0 0.73 
0 0 0.803773 
0 0 0.05 
0 0 -0.00300001 
0 0 0.05 
0 0 0.05 
0 0.899329 0.73 
0 0.899329 0.803773 
0 0.899329 0.05 
0 0.899329 -0.00300001 
0 0.899329 0.05 
0 0.899329 0.05 
0 0.73 0.803773 
0 0.73 0.05 
0 0.73 -0.00300001 
0 0.73 0.05 
0 0.73 0.05 
0 0.803773 0.05 
0 0.803773 -0.00300001 
0 0.803773 0.05 
0 0.803773 0.05 
0 0.05 -0.00300001 
0 0.05 0.05 
0 0.05 0.05 
0 -0.00300001 0.05 
0 -0.00300001 0.05 
0 0.05 0.05 
-0.42 0 0 
-0.42 0 0 
-0.42 0 0 
-0.42 0 -0.42 
-0.42 0 0 
-0.42 0 0 
-0.42 0 0.899329 
-0.42 0 0.73 
-0.42 0 0.803773 
-0.42 0 0.05 
-0.42 0 -0.00300001 
-0.42 0 0.05 
-0.42 0 0.05 
-0.42 0 0 
-0.42 0 0 
-0.42 0 -0.42 
-0.42 0 0 
-0.42 0 0 
-0.42 0 0.899329 
-0.42 0 0.73 
-0.42 0 0.803773 
-0.42 0 0.05 
-0.42 0 -0.00300001 
-0.42 0 0.05 
-0.42 0 0.05 
-0.42 0 0 
-0.42 0 -0.42 
-0.42 0 0 
-0.42 0 0 
-0.42 0 0.899329 
-0.42 0 0.73 
-0.42 0 0.803773 
-0.42 0 0.05 
-0.42 0 -0.00300001 
-0.42 0 0.05 
-0.42 0 0.05 
-0.42 -0.42 -0.42 
-0.42 -0.42 0 
-0.42 -0.42 0 
-0.42 -0.42 0.899329 
-0.42 -0.42 0.73 
-0.42 -0.42 0.803773 
-0.42 -0.42 0.05 
-0.42 -0.42 -0.00300001 
-0.42 -0.42 0.05 
-0.42 -0.42 0.05 
-0.42 0 0 
-0.42 0 0 
-0.42 0 0.899329 
-0.42 0 0.73 
-0.42 0 0.803773 
-0.42 0 0.05 
-0.42 0 -0.00300001 
-0.42 0 0.05 
-0.42 0 0.05 
-0.42 0 0 
-0.42 0 0.899329 
-0.42 0 0.73 
-0.42 0 0.803773 
-0.42 0 0.05 
-0.42 0 -0.00300001 
-0.42 0 0.05 
-0.42 0 0.05 
-0.42 0 0.899329 
-0.42 0 0.73 
-0.42 0 0.803773 
-0.42 0 0.05 
-0.42 0 -0.00300001 
-0.42 0 0.05 
-0.42 0 0.05 
-0.42 0.899329 0.73 
-0.42 0.899329 0.803773 
-0.42 0.899329 0.05 
-0.42 0.899329 -0.00300001 
-0.42 0.899329 0.05 
-0.42 0.899329 0.05 
-0.42 0.73 0.803773 
-0.42 0.73 0.05 
-0.42 0.73 -0.00300001 
-0.42 0.73 0.05 
-0.42 0.73 0.05 
-0.42 0.803773 0.05 
-0.42 0.803773 -0.00300001 
-0.42 0.803773 0.05 
-0.42 0.803773 0.05 
-0.42 0.05 -0.00300001 
-0.42 0.05 0.05 
-0.42 0.05 0.05 
-0.42 -0.00300001 0.05 
-0.42 -0.00300001 0.05 
-0.42 0.05 0.05 
0 0 0 
0 0 0 
0 0 -0.42 
0 0 0 
0 0 0 
0 0 0.899329 
0 0 0.73 
0 0 0.803773 
0 0 0.05 
0 0 -0.00300001 
0 0 0.05 
0 0 0.05 
0 0 0 
0 0 -0.42 
0 0 0 
0 0 0 
0 0 0.899329 
0 0 0.73 
0 0 0.803773 
0 0 0.05 
0 0 -0.00300001 
0 0 0.05 
0 0 0.05 
0 -0.42 -0.42 
0 -0.42 0 
0 -0.42 0 
0 -0.42 0.899329 
0 -0.42 0.73 
0 -0.42 0.803773 
0 -0.42 0.05 
0 -0.42 -0.00300001 
0 -0.42 0.05 
0 -0.42 0.05 
0 0 0 
0 0 0 
0 0 0.899329 
0 0 0.73 
0 0 0.803773 
0 0 0.05 
0 0 -0.00300001 
0 0 0.05 
0 0 0.05 
0 0 0 
0 0 0.899329 
0 0 0.73 
0 0 0.803773 
0 0 0.05 
0 0 -0.00300001 
0 0 0.05 
0 0 0.05 
0 0 0.899329 
0 0 0.73 
0 0 0.803773 
0 0 0.05 
0 0 -0.00300001 
0 0 0.05 
0 0 0.05 
0 0.899329 0.73 
0 0.899329 0.803773 
0 0.899329 0.05 
0 0.899329 -0.00300001 
0 0.899329 0.05 
0 0.899329 0.05 
0 0.73 0.803773 
0 0.73 0.05 
0 0.73 -0.00300001 
0 0.73 0.05 
0 0.73 0.05 
0 0.803773 0.05 
0 0.803773 -0.00300001 
0 0.803773 0.05 
0 0.803773 0.05 
0 0.05 -0.00300001 
0 0.05 0.05 
0 0.05 0.05 
0 -0.00300001 0.05 
0 -0.00300001 0.05 
0 0.05 0.05 
0 0 0 
0 0 -0.42 
0 0 0 
0 0 0 
0 0 0.899329 
0 0 0.73 
0 0 0.803773 
0 0 0.05 
0 0 -0.00300001 
0 0 0.05 
0 0 0.05 
0 -0.42 -0.42 
0 -0.42 0 
0 -0.42 0 
0 -0.42 0.899329 
0 -0.42 0.73 
0 -0.42 0.803773 
0 -0.42 0.05 
0 -0.42 -0.00300001 
0 -0.42 0.05 
0 -0.42 0.05 
0 0 0 
0 0 0 
0 0 0.899329 
0 0 0.73 
0 0 0.803773 
0 0 0.05 
0 0 -0.00300001 
0 0 0.05 
0 0 0.05 
0 0 0 
0 0 0.899329 
0 0 0.73 
0 0 0.803773 
0 0 0.05 
0 0 -0.00300001 
0 0 0.05 
0 0 0.05 
0 0 0.899329 
0 0 0.73 
0 0 0.803773 
0 0 0.05 
0 0 -0.00300001 
0 0 0.05 
0 0 0.05 
0 0.899329 0.73 
0 0.899329 0.803773 
0 0.899329 0.05 
0 0.899329 -0.00300001 
0 0.899329 0.05 
0 0.899329 0.05 
0 0.73 0.803773 
0 0.73 0.05 
0 0.73 -0.00300001 
0 0.73 0.05 
0 0.73 0.05 
0 0.803773 0.05 
0 0.803773 -0.00300001 
0 0.803773 0.05 
0 0.803773 0.05 
0 0.05 -0.00300001 
0 0.05 0.05 
0 0.05 0.05 
0 -0.00300001 0.05 
0 -0.00300001 0.05 
0 0.05 0.05 
0 -0.42 -0.42 
0 -0.42 0 
0 -0.42 0 
0 -0.42 0.899329 
0 -0.42 0.73 
0 -0.42 0.803773 
0 -0.42 0.05 
0 -0.42 -0.00300001 
0 -0.42 0.05 
0 -0.42 0.05 
0 0 0 
0 0 0 
0 0 0.899329 
0 0 0.73 
0 0 0.803773 
0 0 0.05 
0 0 -0.00300001 
0 0 0.05 
0 0 0.05 
0 0 0 
0 0 0.899329 
0 0 0.73 
0 0 0.803773 
0 0 0.05 
0 0 -0.00300001 
0 0 0.05 
0 0 0.05 
0 0 0.899329 
0 0 0.73 
0 0 0.803773 
0 0 0.05 
0 0 -0.00300001 
0 0 0.05 
0 0 0.05 
0 0.899329 0.73 
0 0.899329 0.803773 
0 0.899329 0.05 
0 0.899329 -0.00300001 
0 0.899329 0.05 
0 0.899329 0.05 
0 0.73 0.803773 
0 0.73 0.05 
0 0.73 -0.00300001 
0 0.73 0.05 
0 0.73 0.05 
0 0.803773 0.05 
0 0.803773 -0.00300001 
0 0.803773 0.05 
0 0.803773 0.05 
0 0.05 -0.00300001 
0 0.05 0.05 
0 0.05 0.05 
0 -0.00300001 0.05 
0 -0.00300001 0.05 
0 0.05 0.05 
0 0 0 
0 0 0 
0 0 0.899329 
0 0 0.73 
0 0 0.803773 
0 0 0.05 
0 0 -0.00300001 
0 0 0.05 
0 0 0.05 
0 0 0 
0 0 0.899329 
0 0 0.73 
0 0 0.803773 
0 0 0.05 
0 0 -0.00300001 
0 0 0.05 
0 0 0.05 
0 0 0.899329 
0 0 0.73 
0 0 0.803773 
0 0 0.05 
0 0 -0.00300001 
0 0 0.05 
0 0 0.05 
0 0.899329 0.73 
0 0.899329 0.803773 
0 0.899329 0.05 
0 0.899329 -0.00300001 
0 0.899329 0.05 
0 0.899329 0.05 
0 0.73 0.803773 
0 0.73 0.05 
0 0.73 -0.00300001 
0 0.73 0.05 
0 0.73 0.05 
0 0.803773 0.05 
0 0.803773 -0.00300001 
0 0.803773 0.05 
0 0.803773 0.05 
0 0.05 -0.00300001 
0 0.05 0.05 
0 0.05 0.05 
0 -0.00300001 0.05 
0 -0.00300001 0.05 
0 0.05 0.05 
0 0 0 
0 0 0.899329 
0 0 0.73 
0 0 0.803773 
0 0 0.05 
0 0 -0.00300001 
0 0 0.05 
0 0 0.05 
0 0 0.899329 
0 0 0.73 
0 0 0.803773 
0 0 0.05 
0 0 -0.00300001 
0 0 0.05 
0 0 0.05 
0 0.899329 0.73 
0 0.899329 0.803773 
0 0.899329 0.05 
0 0.899329 -0.00300001 
0 0.899329 0.05 
0 0.899329 0.05 
0 0.73 0.803773 
0 0.73 0.05 
0 0.73 -0.00300001 
0 0.73 0.05 
0 0.73 0.05 
0 0.803773 0.05 
0 0.803773 -0.00300001 
0 0.803773 0.05 
0 0.803773 0.05 
0 0.05 -0.00300001 
0 0.05 0.05 
0 0.05 0.05 
0 -0.00300001 0.05 
0 -0.00300001 0.05 
0 0.05 0.05 
0 0 0.899329 
0 0 0.73 
0 0 0.803773 
0 0 0.05 
0 0 -0.00300001 
0 0 0.05 
0 0 0.05 
0 0.899329 0.73 
0 0.899329 0.803773 
0 0.899329 0.05 
0 0.899329 -0.00300001 
0 0.899329 0.05 
0 0.899329 0.05 
0 0.73 0.803773 
0 0.73 0.05 
0 0.73 -0.00300001 
0 0.73 0.05 
0 0.73 0.05 
0 0.803773 0.05 
0 0.803773 -0.00300001 
0 0.803773 0.05 
0 0.803773 0.05 
0 0.05 -0.00300001 
0 0.05 0.05 
0 0.05 0.05 
0 -0.00300001 0.05 
0 -0.00300001 0.05 
0 0.05 0.05 
0 0.899329 0.73 
0 0.899329 0.803773 
0 0.899329 0.05 
0 0.899329 -0.00300001 
0 0.899329 0.05 
0 0.899329 0.05 
0 0.73 0.803773 
0 0.73 0.05 
0 0.73 -0.00300001 
0 0.73 0.05 
0 0.73 0.05 
0 0.803773 0.05 
0 0.803773 -0.00300001 
0 0.803773 0.05 
0 0.803773 0.05 
0 0.05 -0.00300001 
0 0.05 0.05 
0 0.05 0.05 
0 -0.00300001 0.05 
0 -0.00300001 0.05 
0 0.05 0.05 
0.899329 0.73 0.803773 
0.899329 0.73 0.05 
0.899329 0.73 -0.00300001 
0.899329 0.73 0.05 
0.899329 0.73 0.05 
0.899329 0.803773 0.05 
0.899329 0.803773 -0.00300001 
0.899329 0.803773 0.05 
0.899329 0.803773 0.05 
0.899329 0.05 -0.00300001 
0.899329 0.05 0.05 
0.899329 0.05 0.05 
0.899329 -0.00300001 0.05 
0.899329 -0.00300001 0.05 
0.899329 0.05 0.05 
0.73 0.803773 0.05 
0.73 0.803773 -0.00300001 
0.73 0.803773 0.05 
0.73 0.803773 0.05 
0.73 0.05 -0.00300001 
0.73 0.05 0.05 
0.73 0.05 0.05 
0.73 -0.00300001 0.05 
0.73 -0.00300001 0.05 
0.73 0.05 0.05 
0.803773 0.05 -0.00300001 
0.803773 0.05 0.05 
0.803773 0.05 0.05 
0.803773 -0.00300001 0.05 
0.803773 -0.00300001 0.05 
0.803773 0.05 0.05 
0.05 -0.00300001 0.05 
0.05 -0.00300001 0.05 
0.05 0.05 0.05 
-0.00300001 0.05 0.05 
