0
0
0
0
-0.42
0
0
0.899329
0.73
0.803773
0.05
-0.00300001
0.05
0.05
0
0
0
-0.42
0
0
0.899329
0.73
0.803773
0.05
-0.00300001
0.05
0.05
0
0
-0.42
0
0
0.899329
0.73
0.803773
0.05
-0.00300001
0.05
0.05
0
-0.42
0
0
0.899329
0.73
0.803773
0.05
-0.00300001
0.05
0.05
-0.84
-0.42
-0.42
0.479329
0.31
0.383773
-0.37
-0.423
-0.37
-0.37
0
0
0.899329
0.73
0.803773
0.05
-0.00300001
0.05
0.05
0
0.899329
0.73
0.803773
0.05
-0.00300001
0.05
0.05
0.899329
0.73
0.803773
0.05
-0.00300001
0.05
0.05
1.62933
1.7031
0.949329
0.896329
0.949329
0.949329
1.53377
0.78
0.727
0.78
0.78
0.853773
0.800773
0.853773
0.853773
0.047
0.1
0.1
0.047
0.047
0.1
-0.42
-0.42
-0.42
-0.84
-0.42
-0.42
0.479329
0.31
0.383773
-0.37
-0.423
-0.37
-0.37
-0.42
-0.42
-0.84
-0.42
-0.42
0.479329
0.31
0.383773
-0.37
-0.423
-0.37
-0.37
-0.42
-0.84
-0.42
-0.42
0.479329
0.31
0.383773
-0.37
-0.423
-0.37
-0.37
-1.26
-0.84
-0.84
0.0593288
-0.11
-0.0362267
-0.79
-0.843
-0.79
-0.79
-0.42
-0.42
0.479329
0.31
0.383773
-0.37
-0.423
-0.37
-0.37
-0.42
0.479329
0.31
0.383773
-0.37
-0.423
-0.37
-0.37
0.479329
0.31
0.383773
-0.37
-0.423
-0.37
-0.37
1.20933
1.2831
0.529329
0.476329
0.529329
0.529329
1.11377
0.36
0.307
0.36
0.36
0.433773
0.380773
0.433773
0.433773
-0.373
-0.32
-0.32
-0.373
-0.373
-0.32
0
0
-0.42
0
0
0.899329
0.73
0.803773
0.05
-0.00300001
0.05
0.05
0
-0.42
0
0
0.899329
0.73
0.803773
0.05
-0.00300001
0.05
0.05
-0.84
-0.42
-0.42
0.479329
0.31
0.383773
-0.37
-0.423
-0.37
-0.37
0
0
0.899329
0.73
0.803773
0.05
-0.00300001
0.05
0.05
0
0.899329
0.73
0.803773
0.05
-0.00300001
0.05
0.05
0.899329
0.73
0.803773
0.05
-0.00300001
0.05
0.05
1.62933
1.7031
0.949329
0.896329
0.949329
0.949329
1.53377
0.78
0.727
0.78
0.78
0.853773
0.800773
0.853773
0.853773
0.047
0.1
0.1
0.047
0.047
0.1
0
-0.42
0
0
0.899329
0.73
0.803773
0.05
-0.00300001
0.05
0.05
-0.84
-0.42
-0.42
0.479329
0.31
0.383773
-0.37
-0.423
-0.37
-0.37
0
0
0.899329
0.73
0.803773
0.05
-0.00300001
0.05
0.05
0
0.899329
0.73
0.803773
0.05
-0.00300001
0.05
0.05
0.899329
0.73
0.803773
0.05
-0.00300001
0.05
0.05
1.62933
1.7031
0.949329
0.896329
0.949329
0.949329
1.53377
0.78
0.727
0.78
0.78
0.853773
0.800773
0.853773
0.853773
0.047
0.1
0.1
0.047
0.047
0.1
-0.84
-0.42
-0.42
0.479329
0.31
0.383773
-0.37
-0.423
-0.37
-0.37
0
0
0.899329
0.73
0.803773
0.05
-0.00300001
0.05
0.05
0
0.899329
0.73
0.803773
0.05
-0.00300001
0.05
0.05
0.899329
0.73
0.803773
0.05
-0.00300001
0.05
0.05
1.62933
1.7031
0.949329
0.896329
0.949329
0.949329
1.53377
0.78
0.727
0.78
0.78
0.853773
0.800773
0.853773
0.853773
0.047
0.1
0.1
0.047
0.047
0.1
0
0
0.899329
0.73
0.803773
0.05
-0.00300001
0.05
0.05
0
0.899329
0.73
0.803773
0.05
-0.00300001
0.05
0.05
0.899329
0.73
0.803773
0.05
-0.00300001
0.05
0.05
1.62933
1.7031
0.949329
0.896329
0.949329
0.949329
1.53377
0.78
0.727
0.78
0.78
0.853773
0.800773
0.853773
0.853773
0.047
0.1
0.1
0.047
0.047
0.1
0
0.899329
0.73
0.803773
0.05
-0.00300001
0.05
0.05
0.899329
0.73
0.803773
0.05
-0.00300001
0.05
0.05
1.62933
1.7031
0.949329
0.896329
0.949329
0.949329
1.53377
0.78
0.727
0.78
0.78
0.853773
0.800773
0.853773
0.853773
0.047
0.1
0.1
0.047
0.047
0.1
0.899329
0.73
0.803773
0.05
-0.00300001
0.05
0.05
1.62933
1.7031
0.949329
0.896329
0.949329
0.949329
1.53377
0.78
0.727
0.78
0.78
0.853773
0.800773
0.853773
0.853773
0.047
0.1
0.1
0.047
0.047
0.1
1.62933
1.7031
0.949329
0.896329
0.949329
0.949329
1.53377
0.78
0.727
0.78
0.78
0.853773
0.800773
0.853773
0.853773
0.047
0.1
0.1
0.047
0.047
0.1
2.4331
1.67933
1.62633
1.67933
1.67933
1.7531
1.7001
1.7531
1.7531
0.946329
0.999329
0.999329
0.946329
0.946329
0.999329
1.58377
1.53077
1.58377
1.58377
0.777
0.83
0.83
0.777
0.777
0.83
0.850773
0.903773
0.903773
0.850773
0.850773
0.903773
0.097
0.097
0.15
0.097
